1 0.000070 
2 0.000320 
3 0.000250 
4 0.000200 
5 0.000210 
6 0.000380 
7 0.000430 
8 0.000490 
9 0.001330 
10 0.001090 
11 0.002510 
12 0.005230 
13 0.001750 
14 0.004250 
15 0.013540 
16 0.006240 
17 0.007010 
18 0.008550 
19 0.030630 
20 0.015960 
21 0.025680 
22 0.044910 
23 0.064140 
24 0.143820 
25 0.135300 
26 0.119680 
27 0.252190 
28 0.329670 
29 0.501270 
30 0.670280 
31 0.419480 
32 0.753830 
33 1.514220 
34 1.298930 
35 1.886580 
36 2.967510 
37 5.065470 
38 2.969700 
39 6.372210 
40 19.497370 
41 20.898290 
42 16.605840 
43 22.746960 
44 62.698620 
45 83.203260 
46 76.252250 
47 111.664420 
48 47.671950 
49 251.672390 
50 189.879180 
