    1    8.9
    2    9.4
    3    7.8
    4    8.2
    5    7.1
    6    7.2
    7    5.7
    8    5.4
    9    4.1
   10    5.8
   11    3.3
   12    5.7
   13    2.3
   14    3.7
   15    4.5
   16    3.1
   17    1.9
   18    2.6
   19    1.9
   20    1.4
   21    2.3
   22    1.4
   23    0.8
   24    1.1
   25    1.7
   26    0.5
   27    1.6
   28    0.6
   29    1.9
   30    0.4
   31    1.2
   32    0.7
   33    0.2
   34    1.4
   35    1.2
   36    1.4
   37    0.5
   38    1.7
   39    1.2
   40    1.6
   41    2.1
   42    2.4
   43    1.5
   44    2.8
   45    2.3
   46    3.8
   47    5.1
   48    3.9
   49    4.2
   50    5.1